perimeters:
20.4986
40.9966
15.2096
18.5734
18.7077
11.848
20.4986
44.467
21.6588
27.245
30.9859
21.9211
40.9966
44.467
37.8946
51.0643
49.6145
38.5893
15.2096
21.6588
37.8946
24.2263
23.5706
12.4172
18.5734
27.245
51.0643
24.2263
22.5664
19.6282
18.7077
30.9859
49.6145
23.5706
22.5664
16.4135
11.848
21.9211
38.5893
12.4172
19.6282
16.4135
20.4986
40.9966
15.2096
18.5734
18.7077
11.848
20.4986
42.4082
20.5661
25.3199
31.2001
23.3382
40.9966
42.4082
38.3237
50.6611
51.3506
41.5282
15.2096
20.5661
38.3237
24.789
26.2727
16.3222
18.5734
25.3199
50.6611
24.789
24.4361
22.7007
18.7077
31.2001
51.3506
26.2727
24.4361
21.6255
11.848
23.3382
41.5282
16.3222
22.7007
21.6255
20.4986
44.467
21.6588
27.245
30.9859
21.9211
20.4986
42.4082
20.5661
25.3199
31.2001
23.3382
44.467
42.4082
37.1794
51.7391
56.0353
44.0079
21.6588
20.5661
37.1794
28.8459
33.9362
21.7806
27.245
25.3199
51.7391
28.8459
34.322
30.3815
30.9859
31.2001
56.0353
33.9362
34.322
32.9129
21.9211
23.3382
44.0079
21.7806
30.3815
32.9129
40.9966
44.467
37.8946
51.0643
49.6145
38.5893
40.9966
42.4082
38.3237
50.6611
51.3506
41.5282
44.467
42.4082
37.1794
51.7391
56.0353
44.0079
37.8946
38.3237
37.1794
49.9249
49.8245
35.7084
51.0643
50.6611
51.7391
49.9249
57.7938
51.8929
49.6145
51.3506
56.0353
49.8245
57.7938
49.2336
38.5893
41.5282
44.0079
35.7084
51.8929
49.2336
15.2096
21.6588
37.8946
24.2263
23.5706
12.4172
15.2096
20.5661
38.3237
24.789
26.2727
16.3222
21.6588
20.5661
37.1794
28.8459
33.9362
21.7806
37.8946
38.3237
37.1794
49.9249
49.8245
35.7084
24.2263
24.789
28.8459
49.9249
31.6648
25.6358
23.5706
26.2727
33.9362
49.8245
31.6648
23.7706
12.4172
16.3222
21.7806
35.7084
25.6358
23.7706
18.5734
27.245
51.0643
24.2263
22.5664
19.6282
18.5734
25.3199
50.6611
24.789
24.4361
22.7007
27.245
25.3199
51.7391
28.8459
34.322
30.3815
51.0643
50.6611
51.7391
49.9249
57.7938
51.8929
24.2263
24.789
28.8459
49.9249
31.6648
25.6358
22.5664
24.4361
34.322
57.7938
31.6648
25.781
19.6282
22.7007
30.3815
51.8929
25.6358
25.781
18.7077
30.9859
49.6145
23.5706
22.5664
16.4135
18.7077
31.2001
51.3506
26.2727
24.4361
21.6255
30.9859
31.2001
56.0353
33.9362
34.322
32.9129
49.6145
51.3506
56.0353
49.8245
57.7938
49.2336
23.5706
26.2727
33.9362
49.8245
31.6648
23.7706
22.5664
24.4361
34.322
57.7938
31.6648
25.781
16.4135
21.6255
32.9129
49.2336
23.7706
25.781
11.848
21.9211
38.5893
12.4172
19.6282
16.4135
11.848
23.3382
41.5282
16.3222
22.7007
21.6255
21.9211
23.3382
44.0079
21.7806
30.3815
32.9129
38.5893
41.5282
44.0079
35.7084
51.8929
49.2336
12.4172
16.3222
21.7806
35.7084
25.6358
23.7706
19.6282
22.7007
30.3815
51.8929
25.6358
25.781
16.4135
21.6255
32.9129
49.2336
23.7706
25.781